time,acc_x,acc_y,acc_z,mag_x,mag_y,mag_z,gyr_x,gyr_y,gyr_z
1592334488.6772988,-0.23596587808176922,9.708068243836461,0.39327646346961537,-0.7288888888888889,-1.4644444444444444,-1.0822222222222222,0.004867414663315641,0.0007974611579131365,-0.0018882919404095925
1592334488.6872988,-0.20654585696500208,9.725090607276249,0.31636464241250517,-0.7288888888888889,-1.4644444444444444,-1.0822222222222222,0.010928075266174552,-0.002558450119965059,-0.0012693413393775332
1592334488.6972988,-0.2164425254813137,9.746442525481314,0.2671149490373726,-0.7288888888888889,-1.4644444444444444,-1.0822222222222222,0.019173543782260754,-0.005066093641189302,-0.001987631429346423
1592334488.7072988,-0.21316159809183063,9.770515205724507,0.28051520572450805,-0.7288888888888889,-1.4644444444444444,-1.0822222222222222,0.025201508450140842,-0.009929877495190456,-0.002181661564992912
1592334488.7172987,-0.21841477603257708,9.771585223967422,0.2815852239674229,-0.7288888888888889,-1.4541597181824057,-1.0579128692392217,0.028188679234826246,-0.017506596641950103,-0.00309957123740776
1592334488.7272987,-0.21156232914160744,9.77,0.3306260251503554,-0.7288888888888889,-1.4522222222222223,-1.0533333333333332,0.02560037901343548,-0.02130534463391212,-0.005113306568470949
1592334488.7372987,-0.1762814444631316,9.761570361115783,0.2472739722736119,-0.7288888888888889,-1.4522222222222223,-1.0533333333333332,0.02141098416532525,-0.02089708469190581,-0.0045346229544589705
1592334488.7472987,-0.17867159756067694,9.76,0.2473431951213539,-0.7288888888888889,-1.4522222222222223,-1.0533333333333332,0.025455407643736452,-0.011266539314825082,-0.004363323129985824
1592334488.7572987,-0.15183859960286095,9.74591929980143,0.2711210502978543,-0.7288888888888889,-1.4522222222222223,-1.0533333333333332,0.02848388796227048,-0.0036736125561866633,-0.005131306190771004
1592334488.7672987,-0.14,9.722399973524837,0.315200052950326,-0.7220444341485478,-1.4571111184653232,-1.0533333333333332,0.03521202632296242,0.004668764413061659,-0.0035342888472962414
1592334488.7772987,-0.16706191728424577,9.736237150370547,0.2929380827157543,-0.7211111111111111,-1.4577777777777778,-1.0533333333333332,0.03953981251122643,0.010767748945747349,-0.003862891795629931
1592334488.7872987,-0.18198561946902655,9.741985619469027,0.1898561946902655,-0.7211111111111111,-1.4577777777777778,-1.0533333333333332,0.04953626690602269,0.01964279744786345,7.843362927242511e-06
1592334488.7972987,-0.22141866512568623,9.756567466050274,0.1451488009245883,-0.7211111111111111,-1.4577777777777778,-1.0533333333333332,0.053979892070674086,0.02343663016077332,0.002898060978056894
1592334488.8072987,-0.2506772648083624,9.801354529616725,0.08486062717770035,-0.7211111111111111,-1.4577777777777778,-1.0533333333333332,0.057548925384928444,0.02399827721492203,0.0010169526524101326
1592334488.8172987,-0.1815626764071061,9.802569483646025,0.2168746471857878,-0.7211111111111111,-1.46358794989577,-1.047523161215341,0.05225005192700474,0.014491405318059343,0.003802748758745075
1592334488.8272986,-0.19249677419354838,9.766254838709678,0.30186612903225807,-0.7211111111111111,-1.4644444444444444,-1.0466666666666666,0.045134003328034814,0.00818193463051858,0.004976827474915685
1592334488.8372986,-0.17767583303009826,9.74,0.29343270780267194,-0.7211111111111111,-1.4644444444444444,-1.0466666666666666,0.04564976840476748,0.004363323129985824,0.001046629368816777
1592334488.8472986,-0.15402994385527136,9.724029943855271,0.3358951965065502,-0.7211111111111111,-1.4644444444444444,-1.0466666666666666,0.056487069509824274,0.0026212602458991568,-0.001742062884086667
1592334488.8572986,-0.18112481028312316,9.72,0.3748998482264985,-0.7211111111111111,-1.4644444444444444,-1.0466666666666666,0.06976947062479037,0.004218775634364491,-0.004218775634364491
1592334488.8672986,-0.2147215561784472,9.697917665732328,0.426803890446118,-0.7072074191647999,-1.4750766794622119,-1.0352165674167633,0.0908110087558829,0.011074708238477662,-0.00545415391248228
1592334488.8772986,-0.1726668361803934,9.705777721273202,0.46366658190980325,-0.7022222222222222,-1.478888888888889,-1.031111111111111,0.10976176809365462,0.016532134198449098,-0.001151447901867748
1592334488.8872986,-0.14532516325252706,9.651300653010109,0.5213619286161553,-0.7022222222222222,-1.478888888888889,-1.031111111111111,0.13025455321449775,0.020654845250394026,-0.0016007763652253655
1592334488.8972986,-0.14,9.6011203518977,0.6049792082301757,-0.7022222222222222,-1.478888888888889,-1.031111111111111,0.15998095466529788,0.021029045421487758,-0.0029692317934342754
1592334488.9072986,-0.1459124528008097,9.708249056016193,0.63,-0.7022222222222222,-1.478888888888889,-1.031111111111111,0.1987464046567814,0.029110116037167434,-0.007787132208115782
1592334488.9172986,-0.275652,9.783019333333332,0.52529,-0.7107541481481481,-1.464151925925926,-1.0419699259259259,0.2261102407558999,0.044805728946937594,-0.010146835216729867
1592334488.9272985,-0.2755687971436003,9.896638291835142,0.3478099359201722,-0.7144444444444444,-1.4577777777777778,-1.0466666666666666,0.20362793649394012,0.0550249083727475,-0.006424606665092685
1592334488.9372985,-0.39822932271985334,9.879073407419002,0.3754770476041411,-0.7144444444444444,-1.4577777777777778,-1.0466666666666666,0.17254141449150112,0.0662464512329601,0.00010107557101861082
1592334488.9472985,-0.29962894337897344,9.824197367471184,0.36419736747118414,-0.7144444444444444,-1.4577777777777778,-1.0466666666666666,0.1269132805370376,0.061221155075268104,0.0037438461112665623
1592334488.9572985,-0.19818284513853107,9.73831344880891,0.5232424987118,-0.7144444444444444,-1.4577777777777778,-1.0466666666666666,0.09476104383282904,0.05651073319347469,0.003711673990567086
1592334488.9672985,-0.17,9.750293410461023,0.7078300867686518,-0.7303552055383257,-1.4829000321365378,-1.0416422157949148,0.08043676791550895,0.04823325524465416,-0.004126622315175724
1592334488.9772985,-0.041545026720906125,9.804584031267447,0.5669609954534578,-0.7355555555555555,-1.491111111111111,-1.04,0.08448104616515804,0.059827156766610684,-0.00816178437595099
1592334488.9872985,-0.2964963407223441,9.553992707865465,0.5545985362889376,-0.7355555555555555,-1.491111111111111,-1.04,0.07174083572185819,0.10200223219138232,-0.000542230715260333
1592334488.9972985,-0.3527337278106509,9.752240912933221,0.5754573119188504,-0.7355555555555555,-1.491111111111111,-1.04,0.06074009514272299,0.10214233313890399,0.001735462904257464
1592334489.0072985,-0.42522071673828565,10.045021691304974,0.6549783086950264,-0.7355555555555555,-1.491111111111111,-1.04,0.06427495601200178,0.08238653284835139,0.005480596528033472
1592334489.0172985,-0.15118025460455037,10.082406216143013,0.2431747697724811,-0.7251550273865415,-1.4823106641988684,-1.044800243770314,-0.004672704544699147,0.04886782301698768,0.0032285799084188
1592334489.0272985,-0.0814179796107507,10.055661844703229,0.2057561349075231,-0.7211111111111111,-1.478888888888889,-1.0466666666666666,-0.06463971268085106,0.03161462063547471,0.001090830782496456
1592334489.0372984,-0.09925742157934575,9.62946093684299,0.5771617189471029,-0.7211111111111111,-1.478888888888889,-1.0466666666666666,-0.13078539105246423,-0.003342395051741519,0.004260120318589935
1592334489.0472984,-0.11999756047977231,9.542104492783086,0.6836816426102866,-0.7211111111111111,-1.478888888888889,-1.0466666666666666,-0.13044056479770835,-0.02043843001320235,0.0038466698351982158
1592334489.0572984,-0.1944692039136244,9.705209689237533,0.6051114176113099,-0.7211111111111111,-1.478888888888889,-1.0466666666666666,-0.09175238136201813,-0.04297737405230709,-0.0020133188376652723
1592334489.0672984,-0.03691318115846416,9.792759598891674,0.47896160443330255,-0.7211111111111111,-1.487738268021287,-1.0354038204981602,-0.06951214453793503,-0.04276894328707407,-0.0004142969266942931
1592334489.0772984,-0.10259732599292176,9.794170271333071,0.5400432559968541,-0.7211111111111111,-1.491111111111111,-1.031111111111111,-0.05935033129437707,-0.03035280620112042,0.005184985089825368
1592334489.0872984,-0.22169052552269733,9.761690525522697,0.48230175174232437,-0.7211111111111111,-1.491111111111111,-1.031111111111111,-0.05308189288657551,-0.02332732074096419,0.012997765526019764
1592334489.0972984,-0.10113163113534952,9.885006941001487,0.4297736737729301,-0.7211111111111111,-1.491111111111111,-1.031111111111111,-0.050624120794127175,-0.035179671308414893,0.010585844833361429
1592334489.1072984,-0.044369707621025725,9.84176386004154,0.7947084198753795,-0.7211111111111111,-1.491111111111111,-1.031111111111111,-0.014354733567713787,-0.0300573638077119,0.014868342501411991
1592334489.1172984,-0.0826584925050498,9.5793660299798,0.6576345724511854,-0.7124214181934158,-1.5100704411133554,-1.057180189864197,0.019439393897521716,-0.03764295873956975,0.00489944177779203
1592334489.1272984,-0.02929220600385568,9.570606680568124,0.6583518904670103,-0.7088888888888889,-1.5177777777777777,-1.0677777777777777,0.0320896176530699,-0.04326594445103247,-0.0018254044801480017
1592334489.1372983,-0.0696333428816958,9.632517330277857,0.7025866513892867,-0.7088888888888889,-1.5177777777777777,-1.0677777777777777,0.06898937567273403,-0.013541862680603815,0.004565490851634409
1592334489.1472983,-0.1209852670349908,9.686058931860037,0.6311985880908533,-0.7088888888888889,-1.5177777777777777,-1.0677777777777777,0.05181362512838637,-0.008749915977400593,0.003487444269638761
1592334489.1572983,-0.16268946339694118,9.908369032986077,0.6421746226852318,-0.7088888888888889,-1.5177777777777777,-1.0677777777777777,-0.007988494057787433,-0.013887425226275835,0.0040964567763821505
1592334489.1672983,-0.19246503496503498,9.933386840432295,0.63322631913541,-0.7152816627816628,-1.520683584092675,-1.0799821643003462,-0.04094654906267649,-0.008357199280076551,0.014751353908181174
1592334489.1772983,-0.10233939930563646,9.799571731481697,0.8443656359950602,-0.7211111111111111,-1.5233333333333334,-1.0911111111111111,-0.08079155317717857,-0.02363885232279811,0.012532874786635773
1592334489.1872983,0.03437292703150911,9.787094734660034,0.8559939883913764,-0.7211111111111111,-1.5233333333333334,-1.0911111111111111,-0.10962012698688213,-0.025406023283834074,0.007972742895783591
1592334489.1972983,-0.03819659386312285,9.46102038337261,1.01941692378708,-0.7211111111111111,-1.5233333333333334,-1.0911111111111111,-0.13288463437182277,-0.026791912843455872,-0.005885307820318215
1592334489.2072983,-0.04262553124508106,9.468045214859123,1.0289382968676217,-0.7211111111111111,-1.5233333333333334,-1.0911111111111111,-0.11334271407618737,-0.013504310808501745,-0.010262338714686032
1592334489.2172983,-0.08354749248902242,9.661934365611279,0.8390339727293736,-0.7211111111111111,-1.532186272244049,-1.1169889325424338,-0.052536346602526325,0.025475827299556122,0.0015481377017126721
1592334489.2272983,-0.14228157741873024,9.744563154837461,0.7438592112906349,-0.7211111111111111,-1.5377777777777777,-1.1333333333333333,-0.0009742871266827345,0.05301121719403325,0.011406070801164507
1592334489.2372983,-0.12687825081872472,9.777341311885955,0.9134131188595647,-0.7211111111111111,-1.5377777777777777,-1.1333333333333333,0.025530662260897716,0.06710198487424025,0.024439831478401258
1592334489.2472982,-0.1965815742104402,9.86326133202422,0.8535166093928981,-0.7211111111111111,-1.5377777777777777,-1.1333333333333333,0.0003964547812018715,0.05274348013740883,0.029092390923134086
1592334489.2572982,-0.3206385784687999,9.8445609773027,0.8481984452002499,-0.7211111111111111,-1.5377777777777777,-1.1333333333333333,-0.02405922805686759,0.03319632712949373,0.027545654073819283
1592334489.2672982,-0.6427826358525921,9.807357901311681,1.17367895065584,-0.7211111111111111,-1.5498060240127698,-1.1382861406065654,-0.07260701868915902,-0.025109548299401558,0.013774378834690569
1592334489.2772982,-0.6009740182702574,9.820649345513505,1.1821793807094554,-0.7211111111111111,-1.5566666666666666,-1.1411111111111112,-0.09050353864347548,-0.04760033183573524,0.004240250396072651
1592334489.2872982,-0.16928223015505356,9.478564460310107,0.9669308117829796,-0.7211111111111111,-1.5566666666666666,-1.1411111111111112,-0.07680100288216211,-0.07044768717607995,-0.009974070130791162
1592334489.2972982,0.006818378222670313,9.668952902203658,0.6957309520380239,-0.7211111111111111,-1.5566666666666666,-1.1411111111111112,0.00037518420115245643,-0.06951135732834358,-0.018451427038335917
1592334489.3072982,0.04180742334588488,9.788581077042615,0.5853547307393461,-0.7211111111111111,-1.5566666666666666,-1.1411111111111112,0.06893977523413797,-0.0547036870033757,-0.00386397025429756
1592334489.3172982,-0.25843713387186285,9.747027810322502,0.7393192329037429,-0.7172824128315279,-1.568152761505416,-1.1666357663083322,0.092838800497205,-0.045674746972557176,0.019214516408054286
1592334489.3272982,-0.08051445685980874,10.073556733095266,0.34438820412394877,-0.7144444444444444,-1.5766666666666667,-1.1855555555555555,0.05473992682663196,-0.07981599159916586,0.021230248553575994
1592334489.3372982,0.020729438034983255,9.558488028780548,1.0031432824711575,-0.7144444444444444,-1.5766666666666667,-1.1855555555555555,0.04069782609778491,-0.10285926683083323,0.029372861781155966
1592334489.3472981,0.03427482715273414,9.293087680703959,1.3869123192960402,-0.7144444444444444,-1.5766666666666667,-1.1855555555555555,0.039641174586416625,-0.12273440383266968,0.02813705786768121
1592334489.3572981,0.08463632469479548,9.629479117584065,1.1121351467123581,-0.7144444444444444,-1.5766666666666667,-1.1855555555555555,0.04289457835448647,-0.17906670670142766,0.0059143401177260725
1592334489.3672981,-0.006006115801369422,9.518673801768264,0.8406860333710031,-0.7112347566605361,-1.5850118549048284,-1.2112330578268222,0.06852778375719576,-0.18381662537625215,-0.012531247647011568
1592334489.377298,0.05443833248202429,9.416661427841735,0.6422388118345055,-0.7088888888888889,-1.5911111111111111,-1.23,0.10012335911256831,-0.18083197900643225,-0.02678576539225188
1592334489.387298,-0.15388277068752573,9.51818340881021,0.7558038287361054,-0.7088888888888889,-1.5911111111111111,-1.23,0.23859122190903378,-0.12333225182129058,-0.0244674040597822
1592334489.397298,-0.21607523689647803,9.971523499655639,0.2986018951718241,-0.7088888888888889,-1.5911111111111111,-1.23,0.28426503053706587,-0.10101457804684551,-0.023344690642342576
1592334489.407298,-0.15965255510005277,10.174565693875065,0.19821386532451193,-0.7088888888888889,-1.5911111111111111,-1.23,0.2547048478956491,-0.08816779158617101,-0.013474308254570065
1592334489.417298,-0.2521931674398988,9.957668855817316,0.5509610170512743,-0.70117189853588,-1.594672798966346,-1.2763019421180535,0.1717529070974847,-0.07336952686960768,0.007292273120416147
1592334489.427298,-0.354074365450706,9.763924061115482,0.721186700343671,-0.6944444444444444,-1.5977777777777777,-1.3166666666666667,0.11631415128821762,-0.07327983581693388,0.016386626139278465
1592334489.437298,-0.3789518534299105,9.62259906263315,0.7442564976565829,-0.6944444444444444,-1.5977777777777777,-1.3166666666666667,-0.02301713372031188,-0.12211355622922404,0.000345329046184434
1592334489.447298,-0.23951465767092697,9.691151232954816,0.7680210956430846,-0.6944444444444444,-1.5977777777777777,-1.3166666666666667,-0.01405726735684694,-0.1177567818743571,0.000482625374001378
1592334489.457298,-0.0873795761078998,9.741156069364163,0.8432947976878613,-0.6944444444444444,-1.5977777777777777,-1.3166666666666667,0.04288078925721135,-0.09643238368346801,0.01010332094693731
1592334489.467298,0.005521707463820896,9.819373951043413,0.5968697552170746,-0.6972801897182023,-1.5994792249420324,-1.3206367100499277,0.07350587701509209,-0.0695172409080563,0.017453292519943295
1592334489.477298,0.0199646017699115,9.810070796460176,0.4356637168141593,-0.7,-1.6011111111111112,-1.3244444444444445,0.06763150851478027,-0.05563236990731925,0.017453292519943295
1592334489.487298,-0.22083899548839486,9.88068027395771,0.2787603957166929,-0.7,-1.6011111111111112,-1.3244444444444445,0.03535182330404737,-0.035905895611871366,0.014464432778208768
1592334489.497298,-0.36275592445567184,9.836377962227836,0.2417322266329845,-0.7,-1.6011111111111112,-1.3244444444444445,0.0075413371707992085,-0.017527737926407425,0.012130839617369063
1592334489.507298,-0.29713991989890987,9.647105652052858,0.5457475744790217,-0.7,-1.6011111111111112,-1.3244444444444445,0.00966410050122698,-0.0017140558570049363,0.004673066646173911
1592334489.517298,-0.17544344252939165,9.565052220066203,0.6136608263896816,-0.703872465091504,-1.5919140065187891,-1.3467111187205927,0.06249133731269183,0.006512736644223505,-0.008445876551658725
1592334489.527298,-0.3628431395214426,9.7963694370593,0.3423856201595191,-0.7088888888888889,-1.58,-1.3755555555555556,0.16154718430615927,0.026424382723383627,-0.004200360501006698
1592334489.537298,-0.48175650966323347,9.661756509663233,0.3413618794121051,-0.7088888888888889,-1.58,-1.3755555555555556,0.24520489886829575,0.02546706741910514,0.005340766085976284
1592334489.547298,-0.32119043169501027,9.478306858531116,0.5094972902261259,-0.7088888888888889,-1.58,-1.3755555555555556,0.30517576116853756,-0.00029722131954398184,0.012720583223281415
1592334489.557298,-0.38104077822541027,9.724495823916675,0.36654495430873535,-0.7088888888888889,-1.58,-1.3755555555555556,0.3205989077632007,-0.03310999949623561,0.018657654595042705
1592334489.567298,-0.4252441676187668,10.073936903401762,0.028850477278590646,-0.7004741663492999,-1.565174060287391,-1.4012004242476361,0.2798624407760316,-0.07494441267227568,0.021512559585062697
1592334489.577298,-0.4697244583283271,10.005591333253234,0.07779566662661701,-0.6855555555555556,-1.538888888888889,-1.4466666666666668,0.23358182482417592,-0.10182297444382203,0.02280224716436312
1592334489.587298,-0.3674416017797553,9.70834631071561,-0.029547645532072675,-0.6855555555555556,-1.538888888888889,-1.4466666666666668,0.15780119074992854,-0.13372121245303978,0.008767496800955014
1592334489.597298,-0.19345689266475236,9.816748854979947,-0.0414402335128978,-0.6855555555555556,-1.538888888888889,-1.4466666666666668,0.1533627210796711,-0.1290502336547787,-0.0033622666931951923
1592334489.607298,0.034772397094431,9.930094632768363,-0.04981073446327683,-0.6855555555555556,-1.538888888888889,-1.4466666666666668,0.14081844036153973,-0.10061058499704857,-0.004353000296309657
1592334489.617298,0.20719288260491867,9.830569751070906,0.013596441302459336,-0.6928460260877959,-1.515650514067373,-1.477195512020423,0.11423102315566427,-0.058017310335742964,0.0035787013539529656
1592334489.6272979,0.16,9.63,-0.01,-0.7033333333333334,-1.4822222222222223,-1.521111111111111,0.1090830782496456,-0.031634092692397225,0.008726646259971648
1592334489.6372979,-0.3851170922962806,9.72325527180248,-0.0767447281975204,-0.7033333333333334,-1.4822222222222223,-1.521111111111111,0.0829979817561605,-0.009259288863102268,0.0034500398818662413
1592334489.6472979,-0.4951951958955224,9.880867537313433,-0.20034701492537316,-0.7033333333333334,-1.4822222222222223,-1.521111111111111,0.05068341208881079,0.019729587725581893,0.012594236660048224
1592334489.6572978,-0.4255236017045104,9.982483068118658,-0.1740033349115837,-0.7033333333333334,-1.4822222222222223,-1.521111111111111,0.033126611126195665,0.03913908123245709,0.02029829561106885
1592334489.6672978,-0.278977334833628,9.939773348336281,-0.09284134383539625,-0.6963509617960671,-1.4552902177213383,-1.5325821500651913,0.036016107762812895,0.038935241776772794,0.013313080318690551
1592334489.6772978,-0.27579566663961697,10.048668343747465,-0.1731071979225838,-0.6877777777777778,-1.4222222222222223,-1.5466666666666666,0.05422543454604369,0.043268706333346806,0.010956728212696894
1592334489.6872978,-0.006211666256460746,9.834415210435639,-0.20831479202559686,-0.6877777777777778,-1.4222222222222223,-1.5466666666666666,0.05658496077598174,0.06581750229646484,0.012986658613411904
1592334489.6972978,-0.15192979430964407,9.886666584554748,-0.2330993964773987,-0.6877777777777778,-1.4222222222222223,-1.5466666666666666,0.020209081206473817,0.06517554714370966,0.011003995678554162
1592334489.7072978,-0.26,10.18,-0.3,-0.6877777777777778,-1.4222222222222223,-1.5466666666666666,0.0,0.05563236990731925,0.007635815477475192
1592334489.7172978,-0.36504264944572984,10.031327140242428,-0.21671098525399732,-0.6947814575635137,-1.3975692693764319,-1.5511490217295376,-0.037447022457781955,0.025289704534241834,0.014758781893483147
1592334489.7272978,-0.38,9.62,0.06,-0.7155555555555555,-1.3244444444444445,-1.5644444444444445,-0.06763150851478027,0.0,0.02617993877991494
1592334489.7372978,-0.7753256279968511,9.633366134688327,0.0014703356473198329,-0.7155555555555555,-1.3244444444444445,-1.5644444444444445,-0.06828379768698017,-0.0785505505580654,-0.009792534622443226
1592334489.7472978,0.10379834405815563,9.840252564074408,-0.2910122328860387,-0.7155555555555555,-1.3244444444444445,-1.5644444444444445,0.008036159693896212,-0.10296620385012754,-0.013255703414803418
1592334489.7572978,-0.1,9.963507909362976,-0.3537174005985464,-0.7155555555555555,-1.3244444444444445,-1.5644444444444445,0.013609734634545886,-0.09123570620374698,-0.001484910308451781
1592334489.7672977,-0.049373924679793534,9.916499713247944,-0.26649971324794497,-0.717055587416895,-1.2955688311136602,-1.5734446356124812,-0.03771592786186943,-0.09229781792464159,0.010253934474654126
1592334489.7772977,0.05,9.89,-0.24,-0.72,-1.238888888888889,-1.5911111111111111,-0.07963064712224129,-0.08290313946973066,0.02181661564992912
1592334489.7872977,-0.28998799159411587,9.645991193835684,-0.15198639047333135,-0.72,-1.238888888888889,-1.5911111111111111,-0.19111730817983139,-0.07853850642586613,0.02661635842050544
1592334489.7972977,-0.2639146523708993,9.490519486680741,0.08209028156652513,-0.72,-1.238888888888889,-1.5911111111111111,-0.2229753910289203,-0.06360953414496934,0.02680596909401982
1592334489.8072977,-0.3072665074938304,9.398488995004112,0.21370538311831624,-0.72,-1.238888888888889,-1.5911111111111111,-0.1980723360556178,-0.04973094932941899,0.023072271508627513
1592334489.8172977,-0.16878895206139125,9.547937676701773,0.12693944760306958,-0.7274813503036077,-1.2116839786939517,-1.587710497336744,-0.09057294703329163,-0.02506948544722538,0.01611787461353728
1592334489.8272977,-0.03,9.77,0.12,-0.7444444444444445,-1.15,-1.58,0.030543261909900768,0.002181661564992912,0.01308996938995747
1592334489.8372977,-0.16229013234774575,9.707523711172106,-0.015841237057368805,-0.7444444444444445,-1.15,-1.58,0.06825336239755408,-0.00810479237719783,-0.013778108503311555
1592334489.8472977,-0.32,9.84,-0.06,-0.7444444444444445,-1.15,-1.58,0.05999569303730508,-0.016362461737446838,-0.01308996938995747
1592334489.8572977,-0.4840290229765231,9.943956465535216,-0.09703265084858848,-0.7444444444444445,-1.15,-1.58,0.004547455693579734,-0.04529124314348427,0.00555809237785088
1592334489.8672976,-0.5083563711198765,9.92904064482936,-0.17150677413822674,-0.7418873835248385,-1.128904247413251,-1.5704110215514777,-0.08932839655352817,-0.09009064987308914,0.005364433033853348
1592334489.8772976,-0.43,10.1,-0.2,-0.7355555555555555,-1.0766666666666667,-1.5466666666666666,-0.15926129424448257,-0.09708393964218458,0.02945243112740431
1592334489.8872976,-0.2718479646885728,9.81826091221187,0.14652182442373715,-0.7355555555555555,-1.0766666666666667,-1.5466666666666666,-0.21502013418465232,-0.09949286207839107,0.030092699043290407
1592334489.8972976,0.08522082852748943,9.581447039600153,-0.0010700211457131958,-0.7355555555555555,-1.0766666666666667,-1.5466666666666666,-0.21219067585110454,-0.08179859990937842,0.0289585219474115
1592334489.9072976,-0.1744611359942923,9.517691941812993,0.16584644654960562,-0.7355555555555555,-1.0766666666666667,-1.5466666666666666,-0.1683572724852733,-0.07669380499333053,0.010472001454273223
1592334489.9172976,-0.32777747502270665,9.69147986678777,0.08333242506811989,-0.7341152824032025,-1.0634161536650184,-1.5354325360783125,-0.10746760508716917,-0.07223727151077598,-0.0006059510504766868
1592334489.9272976,-0.35,9.81,0.15,-0.73,-1.0255555555555556,-1.5033333333333334,-0.06544984694978735,-0.06981317007977318,-0.00545415391248228
1592334489.9372976,-0.4058299276182973,9.931390024127234,-0.2645073612684032,-0.73,-1.0255555555555556,-1.5033333333333334,-0.1034110697084861,-0.09833375703732516,-0.019180069753016248
1592334489.9472976,-0.2564543085843055,9.92368817633389,-0.12118189713856484,-0.73,-1.0255555555555556,-1.5033333333333334,-0.16957892850566628,-0.10490537123999302,-0.009487393250604959
1592334489.9572976,-0.21431917340948753,9.81331369982548,-0.10934931778518167,-0.73,-1.0255555555555556,-1.5033333333333334,-0.22154190395000237,-0.1310029490027965,-0.0036985142933822508
1592334489.9672976,-0.5239113368737013,9.731237589471254,0.08495035788501501,-0.730687549706252,-1.0171674491392801,-1.5015457040970779,-0.23781194081365417,-0.14794798621211686,0.011729138469193594
1592334489.9772975,-0.3175114503816794,9.725770992366412,0.16624427480916032,-0.7355555555555555,-0.9577777777777777,-1.488888888888889,-0.21774814348187652,-0.1388719182595908,0.007101225124526546
1592334489.9872975,-0.1691103275242422,9.7,0.1767437444904048,-0.7355555555555555,-0.9577777777777777,-1.488888888888889,-0.1872676922148364,-0.1300592504635725,0.0018342260062090337
1592334489.9972975,-0.18208228777046542,9.842380332370626,-0.15867335826902138,-0.7355555555555555,-0.9577777777777777,-1.488888888888889,-0.17230134706082692,-0.13709022702217177,0.0032225757738762427
1592334490.0072975,-0.13226368801652894,10.123418991046833,-0.45673295454545454,-0.7355555555555555,-0.9577777777777777,-1.488888888888889,-0.19291665430623703,-0.15179221172622936,0.006837741665057308
1592334490.0172975,-0.1934322313271169,9.873135537345766,-0.019109918055948014,-0.7311770431069667,-0.9492640035721885,-1.4823211202160058,-0.2536982114641639,-0.19243760542190688,-0.0036853853779680746
1592334490.0272975,-0.17,9.92,-0.23,-0.7155555555555555,-0.9188888888888889,-1.458888888888889,-0.3065234498815041,-0.22907446432425577,-0.020725784867432664
1592334490.0372975,-0.12851880256665899,9.833941253163585,-0.05532198276963976,-0.7155555555555555,-0.9188888888888889,-1.458888888888889,-0.3188165107337056,-0.22735925791939318,0.010438199551545707
1592334490.0472975,-0.23023162183793744,9.337002983192258,0.5334005966384516,-0.7155555555555555,-0.9188888888888889,-1.458888888888889,-0.2660053737153033,-0.22506007687835095,0.0024645616536940005
1592334490.0572975,-0.58,9.37,0.54,-0.7155555555555555,-0.9188888888888889,-1.458888888888889,-0.21489366415180183,-0.22362031041177347,-0.00545415391248228
1592334490.0672975,-0.04354145883457544,9.971770729417289,0.08690452438237192,-0.7192922950531072,-0.9099207140947649,-1.4607572586376647,-0.13740575921683162,-0.1705072660784647,0.012172835534185042
1592334490.0772974,-0.1665275543282507,9.915767799255612,0.26569288029775484,-0.7377777777777778,-0.8655555555555555,-1.47,-0.11099976576743634,-0.14780027612196828,0.010840021215528415
1592334490.0872974,-0.18,9.68,0.36,-0.7377777777777778,-0.8655555555555555,-1.47,-0.10144726277217041,-0.1308996938995747,0.017453292519943295
1592334490.0972974,-0.10674305706226947,9.89663728574528,-0.17884383814276417,-0.7377777777777778,-0.8655555555555555,-1.47,-0.08653283215535905,-0.13042022182070945,0.02205923615457366
1592334490.1072974,-0.41242530563017377,9.775149388739653,0.012126528150868923,-0.7377777777777778,-0.8655555555555555,-1.47,-0.06399668166199261,-0.16194331111659394,0.019997288590234495
1592334490.1172974,-0.42110172744721686,9.760157389635317,0.05487907869481766,-0.7373755598208573,-0.8652757517594369,-1.4694578801450202,-0.0733088535240267,-0.19476877839104187,0.010513431269151063
1592334490.1272974,-0.3762490167954472,9.733806505344006,0.2721015129783001,-0.7122222222222222,-0.8477777777777777,-1.4355555555555555,-0.07993428095315318,-0.23009090078049488,-0.012488758254016241
1592334490.1372974,-0.07780864920582861,9.667078198941105,0.010730450264723797,-0.7122222222222222,-0.8477777777777777,-1.4355555555555555,-0.04399038472290492,-0.21451995123976442,-0.005360725684472932
1592334490.1472974,-0.1842800655550064,9.740019770557478,0.0038001092583439568,-0.7122222222222222,-0.8477777777777777,-1.4355555555555555,0.019213956569545936,-0.17993688063491836,-0.004308811386452208
1592334490.1572974,-0.12139884723868699,9.698944119690962,-0.005329477169603067,-0.7122222222222222,-0.8477777777777777,-1.4355555555555555,0.06919145940712645,-0.15029294221430606,-0.022550561987847623
1592334490.1672974,0.1438785236849753,10.016939261842486,-0.19399535018889857,-0.7125882656850399,-0.8430192127611482,-1.4304309470761083,0.07449635611575695,-0.09413131020069315,-0.010599920674365156
1592334490.1772974,-0.09,9.9,0.09,-0.7144444444444444,-0.8188888888888889,-1.4044444444444444,0.015271630954950384,-0.03490658503988659,0.01308996938995747
1592334490.1872973,-0.09745276180350843,9.984788334219301,-0.21224109602280966,-0.7144444444444444,-0.8188888888888889,-1.4044444444444444,-0.11236835397628518,0.015690899433594637,0.022148482715661805
1592334490.1972973,-0.15745801309422147,9.739225732991745,-0.007070879590093941,-0.7144444444444444,-0.8188888888888889,-1.4044444444444444,-0.1610178640527896,0.05712997220278763,0.028575543529974764
1592334490.2072973,-0.2965788952682637,9.859245693921997,-0.19114036824391212,-0.7144444444444444,-0.8188888888888889,-1.4044444444444444,-0.18871566904186166,0.0661674930971316,0.02887256958493688
1592334490.2172973,-0.359754606908047,9.629369386054265,-0.11497360866746921,-0.7146001172948112,-0.8187332160385221,-1.3986845489808726,-0.09564916230774809,0.08115896175685296,0.022053489266463444
1592334490.2272973,0.01,9.38,0.1,-0.7155555555555555,-0.8177777777777778,-1.3633333333333333,0.04036073895236887,0.09053895494720585,-0.0032724923474893677
1592334490.2372973,-0.2994149433123753,9.704423402267505,0.3412478852612176,-0.7155555555555555,-0.8177777777777778,-1.3633333333333333,0.07517436250219345,0.10451132857290446,-0.011852686387413705
1592334490.2472973,0.18889060129554264,9.858981385604547,0.007473451007778048,-0.7155555555555555,-0.8177777777777778,-1.3633333333333333,0.14107417918161969,0.1959012250797455,-0.027919326212779535
1592334490.2572973,0.4417915876027831,10.026051154332702,-0.5093692678684377,-0.7155555555555555,-0.8177777777777778,-1.3633333333333333,0.11520528839562072,0.28333881099691666,-0.012284308751541073
1592334490.2672973,0.3834042047749139,9.35021202042998,-0.1331909965554104,-0.7136643306806033,-0.8138062055403783,-1.3628605271145953,0.0577907740634206,0.33005755067662645,0.017754990996845896
1592334490.2772973,0.42,9.89,-0.49,-0.6933333333333334,-0.7711111111111111,-1.3577777777777778,0.09272061651219875,0.32506757318394386,0.032724923474893676
1592334490.2872972,-0.5412294527039836,10.351315026945054,-1.129592439136675,-0.6933333333333334,-0.7711111111111111,-1.3577777777777778,0.055981653173553664,0.3109764275034573,0.017873560874875377
1592334490.2972972,-0.6276650571305638,9.735177606731366,-0.7174618731175599,-0.6933333333333334,-0.7711111111111111,-1.3577777777777778,-0.05384387051994459,0.24878691396509334,0.009103172446787367
1592334490.3072972,-0.89,9.55,-0.54,-0.6933333333333334,-0.7711111111111111,-1.3577777777777778,-0.11780972450961724,0.1679879405044542,-0.004363323129985824
1592334490.3172972,-0.7466545196555838,9.600036441033248,-0.4561401528588474,-0.6930678190202845,-0.7707924939354523,-1.3568219262508017,-0.04870654951782258,0.11432074750814086,0.0030118242802089413
1592334490.3272972,-0.68,9.8,-0.18,-0.6877777777777778,-0.7644444444444445,-1.3377777777777777,0.04581489286485115,0.06654067773228381,-0.002181661564992912
1592334490.3372972,0.01918665928724403,9.796341169959332,-0.22710012753567388,-0.6877777777777778,-0.7644444444444445,-1.3377777777777777,0.12801741957582605,0.011062022122490831,-0.01690936019867632
1592334490.3472972,0.2586703775533335,10.128957005767827,-0.4935244188096618,-0.6877777777777778,-0.7644444444444445,-1.3377777777777777,0.11243807733062706,0.021420292096607924,-0.011928500974491255
1592334490.3572972,-0.27,10.06,-0.8,-0.6877777777777778,-0.7644444444444445,-1.3377777777777777,0.06981317007977318,0.0272707695624114,-0.015271630954950384
1592334490.3672972,-0.3125720966484801,9.809614185502728,-0.34450116913484025,-0.6877063306486534,-0.7641586559279467,-1.3375062786871048,-0.005201638914507652,0.001438145182067619,0.004321237296990053
1592334490.3772972,-0.51,9.78,-0.69,-0.6822222222222222,-0.7422222222222222,-1.3166666666666667,0.014180800172453926,-0.05563236990731925,0.001090830782496456
1592334490.3872972,-0.43160236154997506,9.950767503741892,-0.6015350074837851,-0.6822222222222222,-0.7422222222222222,-1.3166666666666667,-0.04825016850500289,-0.13542556224511298,-0.0008372167073376258
1592334490.3972971,-0.11050246960486322,9.931296542553191,-0.5666935790273556,-0.6822222222222222,-0.7422222222222222,-1.3166666666666667,-0.02811495115439372,-0.15848073063316637,-0.010013718826477249
1592334490.4072971,-0.08675384400055985,9.853851198688341,-0.4006214384260092,-0.6822222222222222,-0.7422222222222222,-1.3166666666666667,0.013677752541488014,-0.1341043978306124,-0.0013753545574682882
1592334490.4172971,0.41854596766771984,10.019878830638977,-0.6001211693610233,-0.6821414426482066,-0.7424645609442689,-1.3165185707809715,0.026266237518773754,-0.11228948296268511,0.023667839042672806
1592334490.427297,0.3,10.01,-0.61,-0.6755555555555556,-0.7622222222222222,-1.3044444444444445,-0.05563236990731925,-0.10690141668465267,-0.0032724923474893677
1592334490.437297,0.15184790545474214,9.27208480947616,0.15866619790680692,-0.6755555555555556,-0.7622222222222222,-1.3044444444444445,-0.08213999747572354,-0.06976251814874723,0.004237209556814059
1592334490.447297,-0.14,9.9,-0.54,-0.6755555555555556,-0.7622222222222222,-1.3044444444444445,-0.05126904677733343,-0.03599741582238304,0.0032724923474893677
1592334490.457297,-0.33811561021347114,9.60595364252851,-0.7223987701968994,-0.6755555555555556,-0.7622222222222222,-1.3044444444444445,0.042764343824997345,-0.04706461136517052,-0.013998578794274092
1592334490.467297,-0.31637182084177357,10.233521108646025,-1.126760554323012,-0.6753683875831074,-0.7621358370041692,-1.3043580592263915,0.07591997757897917,-0.09195242977227923,0.008415681798455504
1592334490.477297,-0.04,9.74,-0.88,-0.6611111111111111,-0.7555555555555555,-1.2977777777777777,0.042542400517361786,-0.19962203319685143,-0.015271630954950384
1592334490.487297,-0.6193408875330069,9.824256159150922,-0.7235467992924347,-0.6611111111111111,-0.7555555555555555,-1.2977777777777777,-0.07115462319858705,-0.2867042903369246,-0.024683727347200098
1592334490.497297,-0.2693790542332827,9.398642841640743,-0.32378475487713715,-0.6611111111111111,-0.7555555555555555,-1.2977777777777777,-0.09973393059181582,-0.3466129344744936,-0.022623934069606437
1592334490.507297,0.0,10.03,-0.61,-0.6611111111111111,-0.7555555555555555,-1.2977777777777777,-0.12544553998709243,-0.3916082509162277,-0.032724923474893676
1592334490.517297,0.0,9.675812348442456,-0.15841074426412977,-0.6611111111111111,-0.7555555555555555,-1.2977777777777777,-0.08198017576344377,-0.3800174871232547,-0.022100056664668452
1592334490.527297,-0.1,9.69,-0.2,-0.6488888888888888,-0.7677777777777778,-1.281111111111111,-0.053450708342326333,-0.3523383427463553,-0.031634092692397225
1592334490.537297,-0.1,9.717108287471675,-0.3716858206539333,-0.6488888888888888,-0.7677777777777778,-1.281111111111111,-0.02190878361180402,-0.29812565961577003,-0.025719981805424286
1592334490.547297,-0.17509895560112548,9.687172969621823,-0.31207401402069723,-0.6488888888888888,-0.7677777777777778,-1.281111111111111,0.01395456033874335,-0.22588411331901265,-0.0021197044157748625
1592334490.557297,-0.34,9.8,-0.26,-0.6488888888888888,-0.7677777777777778,-1.281111111111111,0.019634954084936207,-0.21925698728178766,0.00545415391248228
1592334490.567297,-0.16418199571626557,9.922308176893033,-0.26,-0.6488888888888888,-0.7677777777777778,-1.281111111111111,-0.021224162733758448,-0.2134199705934027,0.015460468235427908
1592334490.577297,-0.02,9.94,-0.13,-0.6555555555555556,-0.7466666666666667,-1.2622222222222221,-0.0643590161672909,-0.1974403716318585,0.011999138607461015
1592334490.587297,-0.027963127382879822,9.627555752859456,0.13470413119548755,-0.6555555555555556,-0.7466666666666667,-1.2622222222222221,-0.09623962396888863,-0.17860951143443235,0.00418557246192352
1592334490.597297,0.02,9.57,0.01,-0.6555555555555556,-0.7466666666666667,-1.2622222222222221,-0.07635815477475191,-0.1461713248545251,0.0
1592334490.607297,-0.05951478392721758,9.609757391963608,-0.1291508718726308,-0.6555555555555556,-0.7466666666666667,-1.2622222222222221,-0.005884200923019167,-0.10497116721812749,-0.004336858698568169
1592334490.617297,-0.06891351178415273,9.725875653193986,-0.06760541751093099,-0.6555555555555556,-0.7466666666666667,-1.2622222222222221,0.0169090520664047,-0.0755503560167637,0.005359809904312862
1592334490.627297,-0.14566388163170285,9.720114074342327,-0.07658708192141545,-0.6788888888888889,-0.7733333333333333,-1.2455555555555555,0.04840617678090077,-0.0437090496684805,-0.006544984694978735
1592334490.637297,-0.28,9.96,-0.47,-0.6788888888888889,-0.7733333333333333,-1.2455555555555555,0.0839939702522271,-0.019634954084936207,-0.006544984694978735
1592334490.647297,-0.25226736352129353,9.987732636478707,-0.5901747580743947,-0.6788888888888889,-0.7733333333333333,-1.2455555555555555,0.03861654992609141,-0.026693663913446204,0.004547273606965546
1592334490.657297,-0.44340367099361827,9.90951810799597,-0.5995181079959694,-0.6788888888888889,-0.7733333333333333,-1.2455555555555555,-0.04944549961539825,-0.06110622269825572,0.014509366257830381
1592334490.667297,-0.2859506450911821,9.810074091636537,-0.500074091636536,-0.6788888888888889,-0.7733333333333333,-1.2455555555555555,-0.10458776832354003,-0.1026889171339036,0.007277593312500311
1592334490.6772969,-0.35,9.53,-0.21,-0.6677777777777778,-0.7533333333333333,-1.26,-0.10581058590215622,-0.11562806294462433,0.001090830782496456
1592334490.6872969,-0.2723614807645778,9.559114444713284,-0.20029518509557223,-0.6677777777777778,-0.7533333333333333,-1.26,-0.0666412358082894,-0.12939026703165862,-0.011612742220919807
1592334490.6972969,-0.2177421666029805,9.554086740542605,-0.333440962934658,-0.6677777777777778,-0.7533333333333333,-1.26,0.02298971724851088,-0.11574529494981238,-0.010439119288645273
1592334490.7072968,-0.3,9.81,-0.37,-0.6677777777777778,-0.7533333333333333,-1.26,0.0818123086872342,-0.09381144729469522,-0.00545415391248228
1592334490.7172968,-0.14969644268774704,9.818350197628458,-0.3783501976284585,-0.6677777777777778,-0.7533333333333333,-1.26,0.0863666349937599,-0.0828810641590335,-0.0036324233898719924
1592334490.7272968,-0.19,10.1,-0.51,-0.6888888888888889,-0.7733333333333333,-1.2366666666666666,0.06654067773228381,-0.062177354602297986,0.002181661564992912
1592334490.7372968,-0.29321334431630974,9.79035996705107,-0.44431878088962107,-0.6888888888888889,-0.7733333333333333,-1.2366666666666666,0.019458300599072276,-0.06524794441533352,0.0052522513780284465
1592334490.7472968,-0.21824319419237748,9.749891833030853,-0.5720900181488204,-0.6888888888888889,-0.7733333333333333,-1.2366666666666666,-0.00076750141153943,-0.09644908008623003,0.006916461079783881
1592334490.7572968,-0.36,9.92,-0.78,-0.6888888888888889,-0.7733333333333333,-1.2366666666666666,-0.032724923474893676,-0.14180800172453928,-0.00545415391248228
1592334490.7672968,-0.5095192130567734,9.688245219762,-0.34639428213535717,-0.6888888888888889,-0.7733333333333333,-1.2366666666666666,-0.04332643388639702,-0.1793210385652434,-0.008716157116021767
1592334490.7772968,-0.46,9.82,-0.2,-0.6644444444444444,-0.7533333333333333,-1.1922222222222223,-0.03381575425739013,-0.2454369260617026,-0.016362461737446838
1592334490.7872968,-0.29965941069359375,9.697386608177453,0.08295398112895219,-0.6644444444444444,-0.7533333333333333,-1.1922222222222223,-0.03998885251029778,-0.23720612839115904,-0.004016265231631545
1592334490.7972968,-0.31,9.71,0.06,-0.6644444444444444,-0.7533333333333333,-1.1922222222222223,-0.04799655442984406,-0.2399827721492203,-0.002181661564992912
1592334490.8072968,-0.12726234518256394,9.768143799260093,0.15967508444587422,-0.6644444444444444,-0.7533333333333333,-1.1922222222222223,-0.031687256875620066,-0.220955258335959,-0.0012755894786471344
1592334490.8172967,-0.09,9.771553202444649,0.15465960733394524,-0.6644444444444444,-0.7533333333333333,-1.1922222222222223,-0.012697754807189206,-0.16547677571019212,0.007201793325707534
1592334490.8272967,-0.16,9.73,0.22,-0.6666666666666666,-0.7655555555555555,-1.2044444444444444,-0.02617993877991494,-0.1287180323345818,0.001090830782496456
1592334490.8372967,-0.26621436304583185,9.712297606159028,0.35276795380728976,-0.6666666666666666,-0.7655555555555555,-1.2044444444444444,-0.00011101201034427813,-0.10168358975873074,-0.000840200830064334
1592334490.8472967,-0.37,9.74,0.16,-0.6666666666666666,-0.7655555555555555,-1.2044444444444444,0.006544984694978735,-0.0818123086872342,-0.007635815477475192
1592334490.8572967,-0.24075938260279983,9.671071670721494,0.15138395884018666,-0.6666666666666666,-0.7655555555555555,-1.2044444444444444,0.008424713279054908,-0.06583461572258674,-0.017974322689894143
1592334490.8672967,-0.18808676537679897,9.667978308655801,0.16595661731160052,-0.6666666666666666,-0.7655555555555555,-1.2044444444444444,0.009596944727372131,-0.041510723699782336,-0.02659734182414008
1592334490.8772967,-0.11,9.64,0.17,-0.6822222222222222,-0.7533333333333333,-1.1888888888888889,0.03490658503988659,0.008726646259971648,-0.014180800172453926
1592334490.8872967,-0.18011029852535668,9.764640530711747,0.053149502457738876,-0.6822222222222222,-0.7533333333333333,-1.1888888888888889,0.06124916977150574,0.03931803498056162,0.005363698176811895
1592334490.8972967,-0.11011848276240367,9.809986835248623,-0.25963138696141086,-0.6822222222222222,-0.7533333333333333,-1.1888888888888889,0.0709011287590602,0.042549580775385405,0.0011037552469389672
1592334490.9072967,-0.04,10.04,-0.35,-0.6822222222222222,-0.7533333333333333,-1.1888888888888889,0.05563236990731925,0.05563236990731925,0.014180800172453926
1592334490.9172966,-0.11814649614942327,9.784247830783706,-0.24343659615987734,-0.6822222222222222,-0.7533333333333333,-1.1888888888888889,0.023859381313634714,0.07190633967481622,0.014955751113763306
1592334490.9272966,-0.32,9.65,-0.32,-0.6844444444444444,-0.7866666666666666,-1.1822222222222223,0.007635815477475192,0.062177354602297986,0.015271630954950384
1592334490.9372966,-0.5707449399177611,9.8117709289792,-0.31191145355103994,-0.6844444444444444,-0.7866666666666666,-1.1822222222222223,0.04204643374096942,0.05247179560490217,0.02144789577147499
1592334490.9472966,-0.36524451716766515,9.830388482753161,-0.4963094138449764,-0.6844444444444444,-0.7866666666666666,-1.1822222222222223,0.05124785833005262,-0.010791397112454512,0.017559234756347374
1592334490.9572966,-0.5671248713468489,8.251905742119247,-0.6775356040115849,-0.6844444444444444,-0.7866666666666666,-1.1822222222222223,0.0781664498113526,-0.0862359709813539,0.015301500277221762
1592334490.9672966,-0.5891257731958762,9.498676288659794,-0.15085360824742278,-0.6844444444444444,-0.7866666666666666,-1.1822222222222223,0.29412396513118877,-0.03649987272302162,0.07646971190219898
1592334490.9772966,-0.39,10.19,-0.82,-0.6855555555555556,-0.7533333333333333,-1.1888888888888889,0.2127120025868089,-0.09817477042468103,0.05126904677733343
1592334490.9872966,0.10785062644447158,10.054989660625228,-0.25464420386814257,-0.6855555555555556,-0.7533333333333333,-1.1888888888888889,0.028620209905190735,-0.12578853932692374,0.05034858781392534
1592334490.9972966,-0.2768766588211728,9.848786869647954,0.3841018578797135,-0.6855555555555556,-0.7533333333333333,-1.1888888888888889,-0.06163486171327138,-0.08928435478787908,0.06266281772834567
1592334491.0072966,0.10815123606398447,9.674795928259815,-0.02730489578284051,-0.6855555555555556,-0.7533333333333333,-1.1888888888888889,-0.025136907853326236,-0.13496902676534916,0.03146647594103931
1592334491.0172966,0.09054019656367107,9.67,0.3017337198614156,-0.6855555555555556,-0.7533333333333333,-1.1888888888888889,-0.03620982818008617,-0.12671314968166425,0.01254729206650099
1592334491.0272965,0.08881487916110818,9.707629758322216,0.3142214500667018,-0.6855555555555556,-0.7648313150428995,-1.1805267203728407,-0.028304982596044376,-0.10254611412040544,-0.04207389118367019
1592334491.0372965,0.13817150563223862,9.737526574646994,0.23118356338251628,-0.6855555555555556,-0.7655555555555555,-1.18,-0.05279357927979436,-0.08493250354327554,-0.08075626403630712
1592334491.0472965,0.011958516587935064,9.601958516587935,0.32953629798555684,-0.6855555555555556,-0.7655555555555555,-1.18,-0.11179617703003458,-0.05625365836325652,-0.13039088237560034
1592334491.0572965,-0.06663994227531468,9.443392126994308,0.26669606349715386,-0.6855555555555556,-0.7655555555555555,-1.18,-0.08582397378976726,-0.027645165985073737,-0.1265389944305746
1592334491.0672965,-0.07285125968992248,9.743295179263566,0.24357437015503877,-0.6855555555555556,-0.7655555555555555,-1.18,0.04533362455995249,0.06874030840900389,-0.052929009536041544
1592334491.0772965,-0.18824623066057877,9.911450251289295,0.17305226160365272,-0.679855723081752,-0.7655555555555555,-1.154350753867884,0.13113331794128796,0.11079014619002314,-0.014971789546812869
1592334491.0872965,-0.125447854603715,9.872421268712761,0.13181595153457168,-0.6788888888888889,-0.7655555555555555,-1.15,0.10151061648506761,0.12253754994984095,-0.021354406622128213
1592334491.0972965,-0.22787330858579813,9.798084460942801,0.050892907037081395,-0.6788888888888889,-0.7655555555555555,-1.15,0.0616107130103366,0.16327219713124297,-0.006127078901245409
1592334491.1072965,-0.2428293809350838,9.706601888848528,0.05622749208655492,-0.6788888888888889,-0.7655555555555555,-1.15,0.01924307916888499,0.18284805468348486,0.006915661119615654
1592334491.1172965,-0.15063185284881112,9.761870255720053,0.018753162853297443,-0.6788888888888889,-0.7655555555555555,-1.15,0.05985600405634689,0.17051146422800287,0.008385704138145883
1592334491.1272964,-0.24186021505376348,9.67365275142315,0.023269449715370018,-0.6900926980111041,-0.7655555555555555,-1.1620656405931546,0.12108959945633033,0.1613310438847943,-0.0022726676245825896
1592334491.1372964,-0.31267144799137486,9.852364411943936,-0.09251792996765575,-0.6933333333333334,-0.7655555555555555,-1.1655555555555555,0.15179184158287257,0.14075066337923098,-0.009909031559697743
1592334491.1472964,-0.2666572880031262,9.81998593200469,-0.2889185879901003,-0.6933333333333334,-0.7655555555555555,-1.1655555555555555,0.13659284447431558,0.1295652627141198,0.0026688623709097883
1592334491.1572964,-0.12281761922096832,9.846581968207742,-0.30085450794806456,-0.6933333333333334,-0.7655555555555555,-1.1655555555555555,0.08728412026582315,0.0938013874549343,0.00536094155511861
1592334491.1672964,-0.04260971138985732,9.782609711389858,-0.19329870970060742,-0.6933333333333334,-0.7655555555555555,-1.1655555555555555,0.06758826420780066,0.06971072459098106,0.008517128964868278
1592334491.1772964,0.06738954273586727,9.682175381053444,0.04303878062897935,-0.6625130233455527,-0.7729949407250198,-1.1857481724441015,0.0671094545390939,0.030496539078777054,0.0077781938344805655
1592334491.1872964,0.059064892926671,9.696402660609994,0.071870214146658,-0.6611111111111111,-0.7733333333333333,-1.1866666666666668,0.08433120048245508,0.021699002713841002,0.0028644749152823877
1592334491.1972964,0.008053681211575951,9.72677852751537,-0.01067116509221773,-0.6611111111111111,-0.7733333333333333,-1.1866666666666668,0.12013781158315578,0.01710188438482328,-0.00017570406756000788
1592334491.2072964,0.0,9.74604422119371,-0.16637588014652657,-0.6611111111111111,-0.7733333333333333,-1.1866666666666668,0.14010608652794782,0.02882928725347518,-0.0026252295538919733
1592334491.2172964,-0.01312420280612245,9.795934709821429,-0.21968630420918367,-0.6611111111111111,-0.7733333333333333,-1.1866666666666668,0.14900036283535784,0.03879223490071959,-0.0018408639058248946
1592334491.2272964,-0.04326674832752285,9.812244417224159,-0.2144888344483181,-0.6705901567260278,-0.7733333333333333,-1.1763258896322122,0.14908747023858138,0.042542400517361786,-0.000244827939687794
1592334491.2372963,-0.06602071823204421,9.81,-0.2981139502762431,-0.6733333333333333,-0.7733333333333333,-1.1733333333333333,0.13874124548664918,0.03992101662657938,0.0
1592334491.2472963,-0.11716045885851863,9.794279847047159,-0.3907406882877779,-0.6733333333333333,-0.7733333333333333,-1.1733333333333333,0.11749101839089607,0.028981092121966458,0.002572204011976489
1592334491.2572963,-0.16134650680523444,9.805673253402617,-0.34730698638953117,-0.6733333333333333,-0.7733333333333333,-1.1733333333333333,0.09782323341470911,0.008228228142800657,0.0015628056201451503
1592334491.2672963,-0.1445552372841991,9.80363880932105,-0.24730452117364715,-0.6733333333333333,-0.7733333333333333,-1.1733333333333333,0.08201517686461689,-0.011299371124960338,-0.0023786605204677595
1592334491.2772963,-0.11537445490741326,9.770748909814827,-0.1780616823611199,-0.664395500221197,-0.7782085150308623,-1.167645621352883,0.07048112555292038,-0.026814251743938824,-0.006756422349653363
1592334491.2872963,-0.1247431771085931,9.789486354217187,-0.13314205722851727,-0.6611111111111111,-0.78,-1.1655555555555555,0.05826883687307394,-0.030256546698496832,-0.007635815477475192
1592334491.2972963,-0.13779841537862061,9.8,-0.20578256916482662,-0.6611111111111111,-0.78,-1.1655555555555555,0.047736137885068315,-0.022036510360207665,-0.011038516097352433
1592334491.3072963,-0.13237387777423326,9.8,-0.19949551109693298,-0.6611111111111111,-0.78,-1.1655555555555555,0.03749608398990438,-0.014643668759968146,-0.007839734169987633
1592334491.3172963,-0.14227728556128907,9.793861357219356,-0.1531681433161328,-0.6611111111111111,-0.78,-1.1655555555555555,0.024192632227283878,-0.011750725288382132,-0.005205740593403396
